[[ 570.36107671  655.24087237  839.781046    711.60643539  590.71424817
   420.26501514  309.17454802  257.33706136  224.59540851  238.4917639
   218.25772305  214.58426295  223.8255557   224.5277091   249.86938743
   250.45500853  242.50429495  265.6843395   280.89238491  294.93808234
   283.60571242  348.99974522  331.40291692  310.73069859  327.5679888
   423.12351097  386.2326622   370.67959253  431.50447083  470.78994423
   422.12320754  446.30254476  542.53045587  519.19020962  470.60330807
   529.73237674  568.6418142   553.6207363   567.64472304  623.13197671
   618.04486462  585.83074568  637.7317511   657.27085434  672.17788768
   672.87949772  696.44228916  714.96212563  675.69515616  690.30997533
   752.36123708  792.39997586  762.17367853  776.65034402  775.68977072
   751.47784228  774.1021877   798.83812608  812.89723098  821.76251366
   823.45654682  848.33608096  850.83134945  878.26509772  885.89727362
   849.23115049  853.78605507  875.94432511  898.03953153  912.12536591
   895.42917776  926.22353933  919.26777033  902.90307504  932.44040969
  1030.10989011 1047.2654978  1030.98547283 1022.57504708 1018.48889584
  1057.48783151 1096.35439534 1054.36371732 1051.16089576 1080.33977623
   999.52118811  805.76513332]],1,[[ 669.60203909  724.73502544  849.83188368  784.10874423  683.59077361
   501.04774562  410.5714392   353.65247169  300.5121243   303.26061427
   259.34664558  237.16718679  245.23641579  238.47735075  260.15676942
   275.43826999  259.21868984  288.03167749  298.81372338  302.46505705
   305.94431823  366.40076873  339.2658076   327.81717785  358.72667232
   426.82438007  398.50401042  400.60767345  451.3222731   466.13676223
   420.93224575  478.92517878  543.80250779  521.3539584   499.18874712
   553.30784733  567.2468667   562.7284366   606.00500896  641.18971329
   609.98363997  590.6417876   657.60960824  657.59367198  654.77430862
   688.36605078  724.42018987  733.87471758  696.1652399   719.71343026
   708.8140849   745.45289031  771.61474566  761.70539158  752.89748619
   747.03241379  800.75036305  836.02791392  807.2562006   799.90752875
   773.68844095  815.01737185  847.66218529  907.50093728  920.31998125
   880.23575438  838.50324421  859.56063917  892.70217509  946.37850657
   930.96289808  933.71013302  864.81615343  873.64466192  921.09636079
   978.57368344  929.30562093  913.63854184  924.87794686  989.65961167
  1003.4925193  1072.33481053 1051.80449394  994.32087156 1011.94471636
  1007.4976795   902.14175647]],1,[[ 902.89249271  907.54517347  884.42638601  841.36048751  952.9915056
   719.04230325  549.25823999  439.44060903  400.38413608  367.1186154
   314.98832319  300.77534713  271.83789056  262.61813458  289.37729325
   294.52426288  272.46246923  309.73649956  321.50353059  296.51176319
   337.79393761  403.40267702  339.6809532   333.90443266  378.88115816
   431.99439885  360.8030455   394.06700796  432.46112083  408.53391353
   407.75879741  502.5150225   513.93858028  471.29331232  479.49649995
   511.24952207  506.91614697  529.01620839  550.66373092  587.36962813
   554.98536621  554.60249411  610.90538524  627.63052187  643.51209734
   613.58268544  641.39472424  613.00740464  612.46218375  624.48034095
   703.7031097   682.62541914  645.59083327  652.61686304  716.66187559
   740.98691545  763.58198509  767.0782989   722.06267     695.91787295
   714.7255096   750.35294803  745.96417624  789.75892368  786.56109612
   761.09081132  754.89467683  812.77379709  867.40567217  870.68781583
   873.66673326  815.22816523  791.01344373  815.55708064  918.13213669
   913.78719204  871.18526156  887.93779178  886.24103391  898.56640374
   987.2741106  1006.92535968  913.85738764  880.70409423  919.56166151
   993.08172299  919.87832834]],1,[[ 232.59116004  359.10592353  597.37916838  537.88874161  525.44518148
   394.34112633  283.10870894  241.13880491  203.63344608  194.4698927
   174.39970132  178.74543604  193.32458431  176.72306937  198.38772369
   200.47052266  193.04900524  207.11441672  228.74995886  231.19816954
   216.3436354   260.45081227  271.96407665  239.47083354  253.21537639
   311.42318996  292.36090003  272.96227256  328.47451233  350.41975112
   318.67696235  329.44314789  436.80331949  401.61264379  378.2275648
   405.28672077  474.43802336  458.48413705  490.43467558  517.40087965
   529.99116384  496.20400324  527.32958295  589.89853108  605.16995761
   587.04278336  584.51743405  615.71640029  627.64715528  668.20098878
   692.12719595  659.39015167  648.03364833  661.55790259  708.18560302
   752.54346951  754.96656817  741.19361569  743.51877521  747.7130757
   790.56087405  844.63190962  829.50636747  777.14632233  777.77186206
   830.38795422  871.49429173  892.99199389  873.75243741  845.48793522
   844.42292948  886.19309959  994.33149691  978.1361517   935.09062277
   919.67311012  977.52128164 1048.79244078 1030.8990189   992.8070235
  1022.02290653 1061.08132592 1094.92595362 1161.37931047 1154.59192425
  1158.07805179 1150.93948364]],1,[[280.74876278 415.75436881 666.11013919 689.02506402 610.29079875
  495.03687051 400.30503035 344.93767889 288.54295189 266.82816386
  226.21013212 218.82209399 221.18550272 205.83036683 220.89043811
  229.76290417 204.35112746 219.16607838 245.42993926 235.82900937
  228.79585667 282.26679828 281.84080959 248.38874646 278.54010329
  342.06999109 298.14944435 286.38615415 344.86986867 365.10013965
  334.67767954 353.94041923 447.84031335 384.2003851  370.28108699
  426.79542282 500.15891302 471.70004507 486.48633888 537.15162435
  536.81643293 515.38796925 561.88886654 581.30057524 592.81626575
  580.41675355 630.27675475 652.58251291 626.15795353 677.01710595
  699.34802061 681.41255965 693.75544719 703.58909954 701.61910733
  685.79946777 622.45727105 526.47000218 504.92924959 603.10224258
  752.74591847 724.44551558 760.53350302 815.55115747 688.06584977
  596.6465123  545.26725978 541.30138376 633.83949339 720.80162018
  832.50184738 721.13511968 631.71188923 619.66811511 611.32694699
  609.91224589 612.71018467 648.49017047 669.14127611 688.66278411
  788.97058561 702.9927811  527.72019077 499.00896958 566.72288835
  720.57416083 832.05576667]],1,[[1317.53459884 1832.60453211 2428.7910772  2717.17709178 2998.71543666
  3154.8321201  3015.78365369 2745.78391456 2444.60747764 1811.15638476
  1386.9966461  1222.67844184 1053.32839318 1007.72229614  937.14588988
   973.29104563 1037.04901143 1048.75489589 1062.07424294 1052.49671546
  1096.6286503  1065.36489704 1109.80661547 1016.51618284 1064.12233545
   994.09746663  971.35361698 1017.15086253 1044.09593266 1133.71313782
  1084.58455811 1196.79432709 1230.45511276 1256.31607261 1170.19197598
  1275.76836998 1256.85950498 1223.46452976 1118.43477386 1181.77307943
  1295.39332096 1201.27674467 1338.25568895 1260.23143375 1416.63958921
  1466.91133728 1507.8696566  1610.5309561  1648.02787575 1516.14302698
  1534.42241963 1480.35692869 1395.53920852 1480.1253076  1397.70217644
  1618.70489052 1710.58587411 1656.67547134 1801.23507651 1826.54397179
  1967.60958978 1985.95428978 1956.1834847  1921.75615334 1961.44420141
  1842.27702937 2032.11264622 1958.69791173 1996.30333817 1923.77332871
  1959.41322816 2218.35005451 2280.46182488 2392.46567386 2431.78738419
  2524.31883867 2369.45809855 2332.83079386 2163.25161354 2255.8394764
  2213.310987   2226.45946569 2289.2989399  2241.00078627 2317.03962332
  2281.33017323 2231.02683095]],0,[[1521.22538253 1789.96283474 2417.80241241 2820.55657139 2934.59316718
  3064.66776203 3030.75867011 2973.52152146 2530.34339061 1951.44514758
  1480.83249211 1375.56084358 1168.58359103 1065.86910946  954.9924486
  1000.66687142 1107.52052992 1124.73943244 1149.96550603 1161.21571134
  1192.37196999 1123.34620596 1138.07812559 1056.54507197 1090.01243024
  1000.97523892 1023.0419314  1029.40112477 1044.94634561 1095.59125514
  1069.07665958 1222.33296968 1193.52220584 1215.40414337 1166.25374138
  1241.74582008 1185.02899183 1237.40754765 1114.16671389 1185.67705992
  1209.49013869 1158.17224361 1369.24915248 1228.4289699  1367.79987772
  1362.72350374 1442.80931557 1518.50975738 1597.79117189 1561.92962899
  1612.43929025 1515.09921987 1447.59827817 1445.90134686 1374.10611754
  1568.55726727 1626.79795018 1629.06227422 1666.22612588 1729.36772644
  1970.26885779 2018.45961926 1977.28388212 1980.08673688 2010.90734262
  1941.8743719  1953.52404374 1792.64703731 1872.74735777 1829.22893893
  1883.41080778 2005.53028885 2103.94109055 2302.45059214 2216.91876026
  2295.77634489 2262.17985966 2340.77693344 2320.76257434 2356.10402802
  2170.45850432 2077.56439456 2076.4820895  2223.54541452 2271.52181952
  2183.03881808 2147.35353407]],0,[[1388.16902497 1779.45714023 2460.11746007 2782.10782593 2993.32397136
  3029.11052212 3063.79945407 2891.21759428 2501.72189662 1889.49055515
  1491.48345599 1405.26416325 1207.80521928 1083.34407352 1007.86713616
  1069.25814381 1121.71880228 1140.2793854  1164.5361022  1191.0108028
  1195.73629456 1117.50876541 1084.80329718 1032.50570515 1026.12536347
   961.35404888 1022.7453488   998.92427321 1031.16750983 1032.84210491
  1000.51730122 1162.6963664  1132.03244982 1191.95951523 1185.72596164
  1260.14377795 1194.66607002 1172.37209968 1037.2872171  1144.96606789
  1120.20118177 1098.43410893 1225.32739182 1157.12838462 1321.31634941
  1345.97428057 1422.92821595 1442.94727742 1493.62217283 1408.93819328
  1478.02816488 1369.82871258 1361.98423008 1372.63312472 1326.73150006
  1634.62188087 1529.79167113 1602.46421755 1511.4119021  1574.6288443
  1805.83323612 1918.59070078 1918.73231965 1851.91388404 1796.71006457
  1783.91718006 1851.86838136 1675.50112201 1783.16761193 1690.6003047
  1805.14261337 1940.09108378 1899.52298354 2127.92082853 2096.7174619
  2168.43309386 2142.09385076 2149.71763119 2021.81997584 2088.03920286
  1916.12260925 2040.62306566 2091.04922092 2084.61597964 2168.47257883
  2152.70313875 2065.41962019]],0,[[1440.2022371  1762.44872809 2487.00376895 3020.06253045 3104.50691636
  3202.0639131  2981.87331203 2302.33162811 1804.43306377 1370.0227227
  1171.59159045 1140.28449129 1109.42764708 1153.25462379 1097.10178331
  1210.28385951 1294.84502403 1381.29009669 1360.82351082 1317.04721472
  1387.39757712 1439.25507911 1511.26139874 1461.9600064  1540.23227612
  1452.59601459 1518.71103984 1566.4142854  1511.21563712 1707.75554944
  1678.76160349 1838.89468824 1892.91011488 1906.55390728 1768.30435982
  1930.60441509 1900.51247985 1950.22882142 1834.46929658 1875.29850094
  2036.1906722  1959.28162381 2132.07506659 2057.63650976 2171.02017967
  2225.0313748  2348.18593811 2214.60632118 2344.65506466 2439.0639287
  2301.86301474 2290.26701201 2190.56008398 2276.32453065 2212.79174007
  2435.87884975 2311.19943104 2323.21018697 2455.93223501 2558.96018976
  2752.19799888 2725.70617981 2746.15409446 2625.53444565 2611.63897278
  2595.05314363 2426.12818976 2439.33100877 2561.69703664 2548.20727038
  2624.53025215 2781.54719714 2577.68708488 2676.01866083 2738.54466799
  2732.68279862 2779.04752769 2634.17012423 2611.10171025 2623.34304342
  2575.23585322 2448.66198517 2590.81142149 2750.08860576 2685.00991938
  2597.97700654 2558.32329672]],0,[[1585.26887038 1824.41684729 2495.60120636 3044.03945061 3145.00514887
  3267.12450642 3001.177661   2349.08065399 1815.00351028 1370.48748958
  1204.26415803 1201.00804557 1127.24147093 1145.2279873  1127.99828048
  1213.67845363 1329.38259048 1413.51357754 1386.103242   1301.32945295
  1375.28553479 1462.09772019 1504.72172244 1477.31148316 1595.20111916
  1440.4322477  1438.88083986 1478.21210016 1535.0984165  1698.33899816
  1667.16531694 1767.63575379 1841.25838904 1862.43715003 1727.06164413
  1793.46777549 1850.58246298 1840.52072493 1714.43904076 1734.51315683
  1955.58564288 1897.8083423  2031.3306444  1919.8543261  2079.82286263
  2334.07676119 2278.60482301 2190.69418628 2275.62752268 2286.73557021
  2234.77229062 2265.65729449 2148.2153454  2294.68090188 2226.00070929
  2254.64602527 2340.16236144 2548.21962056 2563.05105548 2590.79509962
  2562.30933145 2780.89047833 2750.22188141 2557.71030745 2579.86410399
  2498.08069375 2459.32193831 2483.73853424 2549.64603621 2567.16912428
  2488.00421892 2485.13710192 2592.34588164 2564.57427521 2560.03906058
  2629.17902869 2624.51410669 2695.80815109 2669.6998395  2548.65895793
  2529.63803043 2600.238506   2690.59160831 2532.30533368 2542.92283641
  2447.28994309 2476.4816379 ]],0,[[1548.25866674 1835.85548388 2491.3540554  3034.33039141 3203.6537397
  3304.35404507 3025.04168564 2427.7885705  1887.83965087 1388.95916744
  1127.22300259 1082.55840781 1034.61000368 1093.8543156  1029.29144842
  1078.33593536 1133.40624461 1175.51785511 1225.57587676 1189.16732641
  1230.12380437 1236.96184614 1315.25534731 1277.35464632 1329.27127033
  1220.68519039 1288.54322156 1309.10615618 1307.02937068 1461.08946608
  1445.36084463 1617.435497   1644.01118255 1573.97601453 1469.5596828
  1567.8568478  1613.92097725 1673.83672713 1525.90553821 1560.19189732
  1764.83176633 1630.67253    1935.22762534 1837.0581049  1881.70569405
  1945.91788558 2113.7800307  2110.37260746 2147.90713257 2083.10934087
  1954.63305404 2011.64270376 2059.25302199 2097.4386768  1976.50341661
  2095.60541961 2064.14990934 2188.95682175 2318.76348436 2324.1115314
  2468.71734647 2414.70327054 2411.60718907 2378.49660568 2424.29035565
  2295.19926775 2342.36863572 2318.26223808 2391.08363534 2385.45663348
  2477.31955288 2503.49935946 2323.43230862 2385.16564142 2329.81740744
  2505.07662235 2505.74812377 2635.17031134 2673.07825335 2525.59008784
  2596.98707162 2523.71649925 2443.81861922 2446.14099755 2493.87527423
  2457.92300198 2581.29775948]],0,[[1278.20479678 1758.26961054 2285.5121801  2516.87352957 2863.88990059
  3016.0230845  3028.47825708 2795.12439378 2517.87311756 1959.97372454
  1575.50021104 1356.42192316 1127.07396351 1078.61040009 1000.22747524
  1010.23923871 1099.41904698 1121.9569026  1121.30105825 1050.45539011
  1098.60611404 1088.29617613 1144.78408859 1066.65383825 1101.40395022
  1081.32798925 1078.8089225  1158.38761867 1094.00329899 1226.08644533
  1173.79417271 1253.25380434 1328.60622575 1415.91858662 1374.02924813
  1429.87395818 1405.98681055 1309.46353078 1261.39327396 1202.61712178
  1351.02048379 1315.87985185 1427.4352194  1387.89909713 1458.22377314
  1669.2497339  1579.96213333 1668.94199163 1708.19167418 1719.25501133
  1674.33640045 1823.79377492 1624.05322714 1752.85855913 1638.38593646
  1631.75276839 1841.72991039 1772.97031277 2012.26663605 2006.73985881
  2058.72236479 2224.30083419 2260.95247687 2141.67214787 2138.4471409
  2059.00560927 2007.40528175 2099.45416759 2081.96980996 2198.72934277
  2093.56221235 2188.57388254 2255.50457982 2227.17911896 2435.38999082
  2385.53110957 2426.3231654  2459.27909301 2465.57095018 2477.97729842
  2366.269384   2185.58647904 2277.30947923 2268.76467604 2341.96108038
  2352.33447652 2253.45531763]],0,[[1414.70373034 1813.08428662 2480.28291011 2731.23067057 2877.19910839
  3025.72850027 3040.36680393 2900.72446133 2530.38990867 2073.23552046
  1764.1446131  1543.5067514  1217.29141668 1103.49006455 1080.37646708
  1183.03404308 1303.69103948 1333.28953507 1285.1058674  1193.05382061
  1190.28548023 1151.35778969 1185.04898441 1079.26709561 1097.15826214
  1016.5466079   999.71454488 1047.86506213 1015.07733863 1123.8101052
  1070.4708086  1187.92847219 1208.12908589 1254.23183037 1189.10344419
  1250.00473629 1227.50557784 1264.28623926 1191.18217719 1172.53342603
  1339.47145115 1233.59086914 1371.54082338 1281.52221375 1369.785178
  1466.67826726 1410.7417078  1564.60921896 1550.50474683 1524.91695141
  1511.93165083 1656.66783898 1493.39337393 1551.41605916 1385.31270395
  1539.16401677 1641.17791222 1568.18503969 1744.38710527 1697.55492062
  1864.1236428  1963.3333504  2023.15265644 1937.43688597 1886.21598156
  1804.42122026 1893.80459541 1898.47288962 1845.81998868 1899.06058944
  1905.897518   1980.44420934 2048.43583029 2119.14909549 2190.0653404
  2162.70166404 2521.61702686 2382.63329163 2314.23949512 2263.16043882
  2309.35025261 2236.96046755 2281.32410958 2337.98478828 2319.09598304
  2298.90695947 2109.88885466]],0,[[1530.50432622 1802.41150504 2443.44953974 2710.77756081 2936.6836831
  2973.25699688 2976.3787008  2935.41494679 2568.90248937 2150.51939717
  1819.22994299 1611.7357847  1285.65867203 1101.79876429 1022.52792793
  1145.87600496 1249.92283157 1381.39505384 1418.18401049 1394.10058674
  1460.92928264 1382.59074989 1376.15660858 1287.88567292 1286.86492323
  1155.74339886 1113.65379411 1078.44920945 1046.99098942 1113.10555896
  1067.67605646 1227.76426031 1269.84717963 1279.6279564  1182.00271219
  1258.01156253 1230.00354553 1238.08461196 1166.04109728 1183.41578039
  1278.62512001 1184.51449891 1350.76113956 1256.53255599 1351.69038869
  1408.92473434 1392.04298109 1519.70998    1521.9191923  1501.0131527
  1457.7460878  1466.73771409 1352.02147104 1427.35445566 1349.86747273
  1531.53704689 1472.86026331 1556.75130054 1602.62669624 1625.54132968
  1908.73431141 2008.19004318 1957.80258623 1887.15544411 1968.11730873
  1829.26284515 1876.78489657 1853.98604442 1816.69980454 1889.31056518
  1866.92951225 1985.60853277 1952.61515904 2232.26229092 2219.73657054
  2122.93300195 2175.00081509 2293.68992966 2222.49590333 2157.35165588
  2163.84802402 2155.36795541 2223.62242014 2103.88049521 2135.92912868
  2173.31613832 1948.07564999]],0,[[1805.89765509 2033.88311852 2409.85691083 2714.94526015 2877.64781071
  3058.7558281  3098.27889551 2837.8970608  2573.4919284  2221.10895501
  1878.22814204 1615.58617536 1405.26644346 1269.32080694 1213.39655338
  1228.30621004 1350.90151158 1419.38454838 1300.60576731 1324.36349973
  1403.80694515 1630.3631744  1596.78565552 1735.86832436 1673.8945326
  1654.8711626  1562.91791246 1544.02918651 1576.04151162 1770.47215287
  1844.8091286  1898.25424366 2064.59404997 2014.85689458 2060.85494489
  2129.30777376 2253.33358077 2119.83356818 2064.90036227 1903.91873702
  1953.31155917 2033.78892773 2116.83204749 2087.07257071 2150.38557961
  2270.61798134 2338.56735101 2532.01637673 2467.15026595 2479.47898863
  2345.33680011 2448.66776711 2430.31974079 2278.3944422  2424.15901666
  2534.63986722 2387.49155834 2395.84971804 2553.80956393 2506.85222096
  2463.76000164 2621.84037437 2597.49942602 2523.76139655 2519.43152962
  2478.2530607  2480.52444067 2441.89343489 2470.92275079 2590.91318178
  2668.29633604 2793.76964434 2763.41766045 2764.64901902 2668.19820111
  2619.63233765 2707.79910274 2916.10702461 2923.85926607 2810.56397904
  2672.94503847 2637.52490026 2558.47349375 2552.57443503 2510.17556621
  2600.9686694  2725.43916069]],0,[[1706.4944984  2029.20164642 2465.25499955 2818.66388171 2935.65992624
  3052.45370021 3002.98395699 2819.28655435 2605.23306593 2295.57317889
  1881.54136068 1717.54581384 1507.97419114 1298.65139965 1139.66870642
  1102.42695994 1257.21719238 1273.53715526 1258.84306429 1204.65091066
  1241.54189152 1279.27780878 1296.40932291 1290.16796733 1350.4433672
  1339.64429551 1312.11805207 1355.12806589 1337.69250079 1536.37731911
  1445.68008477 1520.06999719 1654.07663431 1687.76214977 1680.32990979
  1641.92838083 1787.962526   1711.08807728 1751.39652146 1634.71452999
  1802.48797426 1639.68717383 1761.26540886 1739.56556332 1806.9936909
  1974.30020592 1873.83170956 2013.78689296 2034.40625109 2089.89346557
  1957.66984858 2114.00044664 2042.94848849 2258.30095433 2110.42782232
  2135.96056403 2273.35499384 2335.5947132  2402.29357914 2291.73936009
  2496.3891796  2602.49688835 2570.92780563 2414.13015317 2337.21610917
  2275.68864312 2268.37044017 2291.6830031  2383.39917487 2422.52360264
  2329.19285198 2425.54879827 2533.51400171 2517.23814822 2597.28435127
  2434.84406178 2474.34972722 2555.81024003 2468.14089656 2437.31880288
  2528.496856   2439.98704388 2520.25407606 2380.11967236 2402.17696235
  2422.44445846 2186.50293004]],0