[[ 4.50465501e+02  1.87417674e+02  2.79960448e+01 ...  7.21300353e-04
   6.09433962e-04  5.49937754e-04]
 [ 6.32562590e+02  2.62767629e+02  3.91802117e+01 ...  1.01004067e-03
   8.53182834e-04  7.69310032e-04]
 [ 6.21514429e+02  2.57418084e+02  3.82547816e+01 ...  9.81833550e-04
   8.28759155e-04  7.45564284e-04]
 ...
 [ 1.47776953e+02  7.87439050e+01  1.51427362e+01 ... -4.93472549e-04
  -4.22211911e-04 -3.84240767e-04]
 [ 1.11927102e+02  6.62174756e+01  1.39664149e+01 ... -5.91358180e-04
  -5.02527691e-04 -4.49249640e-04]
 [ 7.80828145e+01  5.43670935e+01  1.29073489e+01 ... -6.80179023e-04
  -5.74566539e-04 -5.06283930e-04]],1,[[ 5.26651213e+02  2.37509543e+02  4.60824403e+01 ...  8.56807807e-04
   7.44316564e-04  6.75004101e-04]
 [ 7.39118698e+02  3.32843919e+02  6.44346806e+01 ...  1.20072752e-03
   1.04310050e-03  9.45621945e-04]
 [ 7.25373787e+02  3.25780885e+02  6.27294550e+01 ...  1.16908384e-03
   1.01576291e-03  9.19888319e-04]
 ...
 [ 1.32300029e+02  7.36795550e+01  1.36973690e+01 ... -5.96710344e-04
  -5.22579315e-04 -4.95496190e-04]
 [ 8.97859424e+01  5.75081653e+01  1.13222906e+01 ... -7.11755265e-04
  -6.22751803e-04 -5.84258353e-04]
 [ 5.00401793e+01  4.23539689e+01  9.10955753e+00 ... -8.15583201e-04
  -7.13015124e-04 -6.63267626e-04]],1,[[ 8.05147844e+02  4.17978170e+02  1.37514922e+02 ...  1.18407586e-03
   8.96333812e-04  7.73086192e-04]
 [ 1.12614826e+03  5.83535781e+02  1.92009192e+02 ...  1.66016283e-03
   1.25618155e-03  1.08290730e-03]
 [ 1.09716645e+03  5.66500100e+02  1.86042497e+02 ...  1.61849283e-03
   1.22335141e-03  1.05311157e-03]
 ...
 [ 7.33597881e+01  3.44595474e+01 -3.26496862e+01 ... -8.08608049e-04
  -6.19473009e-04 -5.46788220e-04]
 [ 1.02163505e+01  5.10763366e+00 -4.33794214e+01 ... -9.70871634e-04
  -7.41843011e-04 -6.50222365e-04]
 [-4.83083764e+01 -2.19091704e+01 -5.26124244e+01 ... -1.11794861e-03
  -8.52840720e-04 -7.43171995e-04]],1,[[ 2.63375414e+02  1.30342033e+02  2.55875889e+01 ...  3.58591953e-04
   3.70718638e-04  3.29185397e-04]
 [ 3.71068295e+02  1.83609061e+02  3.60100821e+01 ...  5.02393362e-04
   5.19496630e-04  4.61208549e-04]
 [ 3.66970504e+02  1.81541050e+02  3.55352816e+01 ...  4.88739271e-04
   5.05687779e-04  4.48742371e-04]
 ...
 [ 1.17009082e+02  7.32078511e+01  1.69287837e+01 ... -2.30728812e-04
  -2.45317564e-04 -2.32932239e-04]
 [ 9.71085131e+01  6.50776678e+01  1.59058493e+01 ... -2.78078900e-04
  -2.94662905e-04 -2.77096641e-04]
 [ 7.78792912e+01  5.72376530e+01  1.49871840e+01 ... -3.21322701e-04
  -3.39490788e-04 -3.16832069e-04]],1,[[ 4.37127079e+02  2.13134434e+02  4.39729072e+01 ...  4.50167522e-04
   3.24989241e-04  2.69320871e-04]
 [ 6.15611698e+02  3.00052647e+02  6.17744222e+01 ...  6.33223476e-04
   4.56056181e-04  3.77338108e-04]
 [ 6.08150251e+02  2.96183585e+02  6.06570458e+01 ...  6.23566966e-04
   4.46136064e-04  3.67532564e-04]
 ...
 [ 1.62648748e+02  9.17949313e+01  1.54493620e+01 ...  1.58250523e-04
  -1.46179599e-05 -6.75759010e-05]
 [ 1.28496858e+02  7.75471658e+01  1.30837124e+01 ...  1.27820972e-04
  -4.43997714e-05 -9.54018502e-05]
 [ 9.58562537e+01  6.41283777e+01  1.10160761e+01 ...  9.95943222e-05
  -7.18869267e-05 -1.21349083e-04]],1,[[ 6.08130116e+01  3.23147671e+01  9.67373474e+00 ...  5.96652955e-06
   5.85318438e-06  4.73906676e-06]
 [ 8.11541113e+01  4.17856427e+01  1.15716423e+01 ...  8.02038671e-06
   7.86476040e-06  6.31452123e-06]
 [ 6.96080161e+01  3.37680314e+01  8.00106037e+00 ...  7.11838223e-06
   6.97467053e-06  5.51602009e-06]
 ...
 [-6.09690386e+01 -2.61199274e+01 -5.47468158e+00 ... -5.77836780e-06
  -5.51906456e-06 -3.94592099e-06]
 [-6.16415200e+01 -2.65325563e+01 -5.76851223e+00 ... -5.44257427e-06
  -5.29064216e-06 -3.64749357e-06]
 [-5.90638051e+01 -2.56379169e+01 -5.57909822e+00 ... -4.90484010e-06
  -4.89112880e-06 -3.24289539e-06]],0,[[ 8.23670784e+01  4.72827224e+01  1.38558852e+01 ...  6.52564224e-06
   9.13708271e-06  8.34250688e-06]
 [ 1.07580853e+02  6.02246918e+01  1.67643914e+01 ...  8.76468691e-06
   1.23663180e-05  1.13132059e-05]
 [ 8.71068414e+01  4.59156330e+01  1.19247783e+01 ...  7.73482242e-06
   1.11034969e-05  1.02295529e-05]
 ...
 [-6.67505597e+01 -3.00025621e+01 -8.34962653e+00 ... -4.94249088e-06
  -7.76127398e-06 -7.46198312e-06]
 [-7.10900627e+01 -3.29227813e+01 -8.88271317e+00 ... -4.64925337e-06
  -7.19705737e-06 -6.92418500e-06]
 [-7.29546211e+01 -3.51107168e+01 -9.03642745e+00 ... -4.21841420e-06
  -6.44313460e-06 -6.16553862e-06]],0,[[ 1.21480136e+02  6.28276849e+01  1.49940778e+01 ...  8.70010833e-06
   9.22395975e-06  7.59773458e-06]
 [ 1.61700842e+02  8.13900040e+01  1.78188592e+01 ...  1.17544537e-05
   1.25244294e-05  1.02321243e-05]
 [ 1.37601131e+02  6.51721836e+01  1.20660724e+01 ...  1.04847824e-05
   1.13212385e-05  9.04965455e-06]
 ...
 [-1.18232487e+02 -4.90332546e+01 -7.12619865e+00 ... -6.86461642e-06
  -8.99991644e-06 -6.26093600e-06]
 [-1.18080080e+02 -5.03013034e+01 -8.14347786e+00 ... -6.34292658e-06
  -8.55250637e-06 -5.96340188e-06]
 [-1.12601415e+02 -4.91249095e+01 -8.35404396e+00 ... -5.73482091e-06
  -7.90934659e-06 -5.54912516e-06]],0,[[ 1.31861290e+01  6.66404431e+00  1.17789359e+00 ...  1.20320499e-06
   1.59054898e-06  1.82983528e-06]
 [ 1.68264047e+01  8.28581530e+00  1.31969432e+00 ...  1.43958652e-06
   1.92746603e-06  2.26450801e-06]
 [ 1.27184349e+01  5.82938205e+00  7.32796559e-01 ...  9.72231425e-07
   1.29453432e-06  1.60231984e-06]
 ...
 [-7.98637674e+00 -3.32489293e+00 -2.47875890e-01 ...  2.54521172e-07
   5.29016996e-07  8.24125489e-07]
 [-8.72840587e+00 -3.49241890e+00 -2.01740560e-01 ...  4.09627747e-07
   7.03833820e-07  1.03026803e-06]
 [-8.96751578e+00 -3.41557883e+00 -1.68599694e-01 ...  5.35626475e-07
   8.79815670e-07  1.20494848e-06]],0,[[ 1.34978650e+01  7.16199735e+00  1.31148637e+00 ...  1.51183744e-06
   1.86196562e-06  1.52711624e-06]
 [ 1.69381558e+01  8.76206587e+00  1.46236402e+00 ...  1.87178124e-06
   2.32593783e-06  1.88636649e-06]
 [ 1.23448117e+01  5.87980656e+00  7.93562536e-01 ...  1.38657386e-06
   1.74564922e-06  1.40832584e-06]
 ...
 [-8.29450228e+00 -3.83138597e+00 -3.83143732e-01 ...  3.12362728e-07
   5.49269374e-07  6.19657875e-08]
 [-8.76964737e+00 -3.84768824e+00 -3.41908851e-01 ...  4.40959078e-07
   7.25635248e-07  2.36340834e-07]
 [-8.96271347e+00 -3.71468753e+00 -3.22141755e-01 ...  4.87512873e-07
   7.48563383e-07  2.97320948e-07]],0,[[ 1.96586659e+01  1.00889518e+01  1.88210101e+00 ...  2.45441352e-06
   2.29278856e-06  1.56186870e-06]
 [ 2.50721320e+01  1.25170579e+01  2.14110446e+00 ...  3.18879848e-06
   2.92705265e-06  1.91988830e-06]
 [ 1.90403487e+01  8.86865054e+00  1.26938114e+00 ...  2.67155108e-06
   2.31147650e-06  1.36663888e-06]
 ...
 [-1.31998202e+01 -6.04540832e+00 -7.07843986e-01 ... -1.64658753e-06
  -5.43029512e-07  7.16623597e-08]
 [-1.42784184e+01 -6.26639442e+00 -6.23626154e-01 ... -1.46218672e-06
  -3.37838429e-07  2.30567026e-07]
 [-1.45143419e+01 -6.07913173e+00 -5.71277643e-01 ... -1.27128917e-06
  -1.93398963e-07  3.23856138e-07]],0,[[ 4.85154395e+01  2.72249429e+01  9.61620455e+00 ...  4.82669278e-06
   4.31888562e-06  6.82264766e-06]
 [ 6.48542313e+01  3.52999847e+01  1.15429323e+01 ...  6.37655432e-06
   5.66979681e-06  9.17312444e-06]
 [ 5.59023856e+01  2.86124829e+01  7.92810185e+00 ...  5.46331961e-06
   4.78118789e-06  8.09526164e-06]
 ...
 [-4.87399368e+01 -2.18315455e+01 -4.88978721e+00 ... -3.62301447e-06
  -2.06066525e-06 -3.71474425e-06]
 [-4.95549562e+01 -2.25236804e+01 -5.43726398e+00 ... -3.29934322e-06
  -1.65292547e-06 -3.11418308e-06]
 [-4.75579527e+01 -2.17227541e+01 -5.70009347e+00 ... -2.99546365e-06
  -1.28405445e-06 -2.55023552e-06]],0,[[ 8.51711858e+01  4.91308071e+01  1.49091629e+01 ...  7.90618150e-06
   6.16711438e-06  6.37946323e-06]
 [ 1.12598961e+02  6.33114637e+01  1.83052090e+01 ...  1.06522635e-05
   8.24417743e-06  8.55299547e-06]
 [ 9.40182193e+01  4.96200702e+01  1.33244250e+01 ...  9.48795743e-06
   7.19606591e-06  7.51228798e-06]
 ...
 [-7.69405746e+01 -3.41115340e+01 -8.36685435e+00 ... -6.92974401e-06
  -4.41776826e-06 -4.72070539e-06]
 [-8.04822982e+01 -3.74414267e+01 -1.01689159e+01 ... -6.38323496e-06
  -4.09913809e-06 -4.56501432e-06]
 [-8.01694748e+01 -3.89375547e+01 -1.10392500e+01 ... -5.75826694e-06
  -3.66469088e-06 -4.22299807e-06]],0,[[ 1.33732039e+02  7.77814200e+01  2.21607284e+01 ...  1.07865392e-05
   9.47796865e-06  9.29764538e-06]
 [ 1.74548366e+02  9.89853835e+01  2.64964535e+01 ...  1.46232140e-05
   1.28547083e-05  1.26041520e-05]
 [ 1.40779486e+02  7.47883290e+01  1.79648113e+01 ...  1.31540413e-05
   1.16002033e-05  1.13655583e-05]
 ...
 [-1.10614641e+02 -4.91506673e+01 -1.11594703e+01 ... -1.04177391e-05
  -9.20684054e-06 -8.15875600e-06]
 [-1.21006732e+02 -5.76004350e+01 -1.45408262e+01 ... -9.71370190e-06
  -8.64612640e-06 -7.89787791e-06]
 [-1.24480819e+02 -6.22252019e+01 -1.62995116e+01 ... -8.77583325e-06
  -7.79361527e-06 -7.40752137e-06]],0,[[ 8.27800211e+00  6.39860642e+00  3.24994366e+00 ...  1.75719484e-06
   1.78277428e-06  1.48705862e-06]
 [ 1.02373530e+01  7.60230227e+00  3.73813461e+00 ...  2.19272023e-06
   2.25764826e-06  1.88530831e-06]
 [ 7.26599811e+00  4.72864101e+00  2.13883959e+00 ...  1.63341077e-06
   1.75974464e-06  1.51767516e-06]
 ...
 [-5.71509452e+00 -2.80864511e+00 -9.62419497e-01 ... -4.99750466e-07
  -4.81601165e-07 -5.94003225e-07]
 [-5.75130316e+00 -3.20579232e+00 -1.28817827e+00 ... -5.24222333e-07
  -4.79810419e-07 -5.40488721e-07]
 [-5.31323569e+00 -3.25024553e+00 -1.45116331e+00 ... -5.01053569e-07
  -4.45918459e-07 -4.75681349e-07]],0,[[ 1.58792527e+01  1.18004350e+01  5.55334948e+00 ...  3.22994345e-06
   2.27891715e-06  3.15024660e-06]
 [ 1.98116488e+01  1.43234100e+01  6.50278601e+00 ...  4.24546214e-06
   2.91461915e-06  4.14644058e-06]
 [ 1.45311054e+01  9.58700501e+00  3.91531105e+00 ...  3.60010831e-06
   2.32977581e-06  3.55210968e-06]
 ...
 [-1.19005355e+01 -6.16998367e+00 -1.24267152e+00 ... -2.37599752e-06
  -7.03722282e-07 -1.98221236e-06]
 [-1.26269769e+01 -7.25628036e+00 -2.06756994e+00 ... -2.31838679e-06
  -5.78796962e-07 -1.77834118e-06]
 [-1.26653914e+01 -7.76167111e+00 -2.68422682e+00 ... -2.16882546e-06
  -4.65175529e-07 -1.53181328e-06]],0