[[0.01025391 0.01269531 0.01513672 0.01367188 0.00927734 0.00878906
  0.00732422 0.00683594 0.00488281 0.00390625 0.00439453 0.00341797
  0.00390625 0.00390625 0.00341797 0.00585938 0.00683594 0.00634766
  0.00585938 0.00390625 0.00292969 0.00439453 0.00537109 0.00878906
  0.01123047 0.01074219 0.01123047 0.00976562 0.00976562 0.01025391
  0.01171875 0.01220703 0.01171875 0.01318359 0.01318359 0.01269531
  0.01318359 0.01318359 0.01269531 0.01318359 0.01269531 0.01269531
  0.01318359 0.01269531 0.01318359 0.01318359 0.01269531 0.01318359
  0.01269531 0.01269531 0.01318359 0.01269531 0.01318359 0.01318359
  0.01269531 0.01318359 0.01269531 0.01269531 0.01318359 0.01269531
  0.01318359 0.01318359 0.01269531 0.01318359 0.01269531 0.01269531
  0.01318359 0.01269531 0.01318359 0.01269531 0.01269531 0.01318359
  0.01367188 0.01416016 0.01416016 0.01367188 0.01318359 0.01318359
  0.01269531 0.01318359 0.01464844 0.01464844 0.01513672 0.015625
  0.01416016 0.01123047 0.0078125 ]],1,[[0.00976562 0.01123047 0.01318359 0.01025391 0.00634766 0.00585938
  0.00488281 0.00488281 0.00390625 0.00390625 0.00341797 0.00292969
  0.00488281 0.00683594 0.0078125  0.00732422 0.00585938 0.00341797
  0.00244141 0.00390625 0.00683594 0.00830078 0.01074219 0.01171875
  0.01025391 0.01074219 0.01074219 0.01074219 0.01171875 0.01220703
  0.01269531 0.01318359 0.01318359 0.01318359 0.01318359 0.01269531
  0.01269531 0.01318359 0.01269531 0.01318359 0.01269531 0.01269531
  0.01318359 0.01269531 0.01269531 0.01318359 0.01269531 0.01318359
  0.01269531 0.01269531 0.01318359 0.01269531 0.01318359 0.01318359
  0.01269531 0.01318359 0.01269531 0.01269531 0.01318359 0.01269531
  0.01318359 0.01318359 0.01269531 0.01318359 0.01269531 0.01269531
  0.01318359 0.01269531 0.01318359 0.01269531 0.01269531 0.01318359
  0.01269531 0.01269531 0.01318359 0.01269531 0.01269531 0.01318359
  0.01269531 0.01318359 0.01269531 0.01269531 0.01416016 0.01367188
  0.01416016 0.01123047 0.00683594]],1,[[0.01171875 0.01513672 0.01708984 0.01416016 0.01074219 0.00830078
  0.00683594 0.00537109 0.00390625 0.00390625 0.00585938 0.00683594
  0.0078125  0.00830078 0.00732422 0.00585938 0.00537109 0.00537109
  0.00585938 0.00537109 0.00683594 0.0078125  0.00830078 0.01074219
  0.01123047 0.01025391 0.01074219 0.01123047 0.01074219 0.01367188
  0.01757812 0.01757812 0.01806641 0.01660156 0.01318359 0.01318359
  0.01269531 0.01318359 0.01269531 0.01269531 0.01318359 0.01269531
  0.01318359 0.01318359 0.01269531 0.01318359 0.01269531 0.01269531
  0.01318359 0.01269531 0.01318359 0.01269531 0.01269531 0.01318359
  0.01269531 0.01318359 0.01269531 0.01269531 0.01318359 0.01269531
  0.01269531 0.01318359 0.01269531 0.01318359 0.01318359 0.01269531
  0.01318359 0.01269531 0.01269531 0.01318359 0.01269531 0.01318359
  0.01269531 0.01269531 0.01318359 0.01269531 0.01269531 0.01318359
  0.01269531 0.01318359 0.01269531 0.01269531 0.01318359 0.01269531
  0.01318359 0.01025391 0.00683594]],1,[[0.00585938 0.01074219 0.01123047 0.01220703 0.00830078 0.00488281
  0.00537109 0.00488281 0.00439453 0.00390625 0.00341797 0.00244141
  0.00292969 0.00244141 0.00341797 0.00390625 0.00390625 0.00488281
  0.00390625 0.00390625 0.00439453 0.00537109 0.00585938 0.00830078
  0.01025391 0.00976562 0.01025391 0.00976562 0.00976562 0.01025391
  0.01171875 0.01220703 0.01220703 0.01269531 0.01318359 0.01269531
  0.01269531 0.01269531 0.01269531 0.01318359 0.01269531 0.01318359
  0.01318359 0.01269531 0.01318359 0.01269531 0.01269531 0.01318359
  0.01269531 0.01318359 0.01269531 0.01269531 0.01318359 0.01269531
  0.01318359 0.01269531 0.01269531 0.01318359 0.01269531 0.01318359
  0.01318359 0.01269531 0.01318359 0.01269531 0.01269531 0.01269531
  0.01269531 0.01318359 0.01269531 0.01318359 0.01318359 0.01269531
  0.01318359 0.01269531 0.01269531 0.01318359 0.01269531 0.01318359
  0.01269531 0.01269531 0.01318359 0.01660156 0.01806641 0.01757812
  0.01855469 0.01220703 0.0078125 ]],1,[[0.00634766 0.00683594 0.00878906 0.00927734 0.00634766 0.00683594
  0.00585938 0.00488281 0.00390625 0.00390625 0.00341797 0.00292969
  0.00292969 0.00292969 0.00292969 0.00244141 0.00292969 0.00244141
  0.00244141 0.00292969 0.00244141 0.00439453 0.00488281 0.00634766
  0.00927734 0.00878906 0.01025391 0.01123047 0.01074219 0.01318359
  0.01416016 0.01367188 0.01318359 0.01171875 0.01171875 0.01220703
  0.01269531 0.01318359 0.01269531 0.01269531 0.01318359 0.01269531
  0.01318359 0.01269531 0.01269531 0.01318359 0.01269531 0.01318359
  0.01318359 0.01269531 0.01318359 0.01269531 0.01269531 0.01318359
  0.01269531 0.01318359 0.01269531 0.01269531 0.01318359 0.01269531
  0.01318359 0.01269531 0.01269531 0.01318359 0.01269531 0.01269531
  0.01318359 0.01269531 0.01318359 0.01318359 0.01367188 0.01708984
  0.01660156 0.01660156 0.01806641 0.01660156 0.02148438 0.02832031
  0.02539062 0.02441406 0.01806641 0.00830078 0.00537109 0.00634766
  0.0078125  0.00830078 0.00830078]],1,[[0.03759766 0.06884766 0.109375   0.15380859 0.17675781 0.18310547
  0.17382812 0.13867188 0.09619141 0.06884766 0.04785156 0.03515625
  0.03808594 0.03222656 0.03027344 0.03076172 0.03173828 0.03320312
  0.03173828 0.02978516 0.02734375 0.02685547 0.02880859 0.02587891
  0.02490234 0.02636719 0.02294922 0.02441406 0.02294922 0.02001953
  0.02050781 0.02099609 0.02197266 0.0234375  0.02490234 0.02490234
  0.02539062 0.02441406 0.02539062 0.02490234 0.0234375  0.02636719
  0.02734375 0.02734375 0.02734375 0.03271484 0.03320312 0.03369141
  0.03515625 0.03710938 0.03369141 0.04980469 0.04980469 0.04492188
  0.05078125 0.03417969 0.05078125 0.05175781 0.06054688 0.06738281
  0.07470703 0.08544922 0.09814453 0.10107422 0.09277344 0.09472656
  0.07617188 0.08691406 0.08203125 0.09375    0.10058594 0.11914062
  0.14990234 0.16845703 0.20654297 0.22753906 0.23339844 0.22412109
  0.21777344 0.17578125 0.16210938 0.14453125 0.12207031 0.16015625
  0.17871094 0.16210938 0.13183594]],0,[[0.04443359 0.078125   0.12011719 0.16259766 0.16894531 0.17822266
  0.16259766 0.13183594 0.10302734 0.07275391 0.05761719 0.04101562
  0.0390625  0.03222656 0.02832031 0.03271484 0.03466797 0.04101562
  0.04150391 0.03759766 0.03613281 0.02978516 0.02685547 0.02490234
  0.0234375  0.02441406 0.02392578 0.02441406 0.0234375  0.02392578
  0.02636719 0.02685547 0.02783203 0.02734375 0.02490234 0.02197266
  0.02148438 0.01953125 0.01953125 0.02001953 0.02148438 0.0234375
  0.02734375 0.03320312 0.03173828 0.04931641 0.04492188 0.04736328
  0.04736328 0.03808594 0.03955078 0.03613281 0.03515625 0.03125
  0.03417969 0.02929688 0.04980469 0.046875   0.06396484 0.07275391
  0.07275391 0.08447266 0.08984375 0.09277344 0.0859375  0.0859375
  0.07910156 0.07617188 0.07421875 0.07128906 0.0625     0.09423828
  0.11767578 0.15966797 0.19970703 0.21582031 0.21679688 0.19921875
  0.18652344 0.14208984 0.14550781 0.125      0.11962891 0.14501953
  0.13085938 0.12011719 0.08251953]],0,[[0.03808594 0.07080078 0.11083984 0.15087891 0.17480469 0.17626953
  0.16015625 0.12841797 0.08349609 0.06005859 0.04492188 0.03222656
  0.03710938 0.03125    0.03173828 0.03222656 0.03076172 0.03515625
  0.03613281 0.03613281 0.03808594 0.03466797 0.02978516 0.02685547
  0.02246094 0.02246094 0.02197266 0.02441406 0.0234375  0.02392578
  0.02441406 0.02685547 0.02880859 0.02880859 0.02880859 0.02392578
  0.02246094 0.02099609 0.02441406 0.02490234 0.02587891 0.02539062
  0.02734375 0.02832031 0.02685547 0.03369141 0.02734375 0.02587891
  0.02587891 0.02734375 0.02783203 0.03125    0.03125    0.0390625
  0.04199219 0.04199219 0.05517578 0.04394531 0.06298828 0.06201172
  0.06298828 0.06884766 0.06445312 0.06640625 0.06787109 0.05957031
  0.05126953 0.05761719 0.04492188 0.05322266 0.05224609 0.07958984
  0.10791016 0.12597656 0.15234375 0.16943359 0.16503906 0.15527344
  0.13378906 0.08935547 0.09179688 0.09179688 0.10107422 0.12109375
  0.11914062 0.10888672 0.08154297]],0,[[0.04638672 0.09472656 0.13720703 0.18603516 0.20898438 0.18798828
  0.16943359 0.11621094 0.07080078 0.05371094 0.03808594 0.03125
  0.03222656 0.02685547 0.02783203 0.04052734 0.04345703 0.05078125
  0.05175781 0.04199219 0.04003906 0.03466797 0.03173828 0.02929688
  0.02539062 0.02636719 0.02587891 0.03222656 0.03320312 0.03417969
  0.04003906 0.04296875 0.05615234 0.05957031 0.06494141 0.05712891
  0.05664062 0.05322266 0.05761719 0.06201172 0.05810547 0.06152344
  0.05078125 0.06640625 0.07275391 0.10107422 0.12646484 0.15283203
  0.14941406 0.14453125 0.12353516 0.11035156 0.11474609 0.09960938
  0.140625   0.12695312 0.14355469 0.16796875 0.16796875 0.21582031
  0.24951172 0.28173828 0.27880859 0.27636719 0.24121094 0.22949219
  0.23828125 0.22851562 0.24560547 0.26904297 0.29541016 0.30322266
  0.34326172 0.33642578 0.33984375 0.34960938 0.33105469 0.33447266
  0.31494141 0.31884766 0.31542969 0.32226562 0.32958984 0.32275391
  0.32177734 0.24609375 0.16455078]],0,[[0.04785156 0.09619141 0.13623047 0.17871094 0.20507812 0.18505859
  0.16455078 0.11181641 0.06298828 0.04541016 0.03564453 0.03222656
  0.03417969 0.02929688 0.02978516 0.03417969 0.03857422 0.04199219
  0.04101562 0.03662109 0.03320312 0.03271484 0.02880859 0.02929688
  0.02832031 0.02832031 0.02783203 0.02734375 0.02539062 0.02587891
  0.03613281 0.05126953 0.05615234 0.06201172 0.07373047 0.06884766
  0.07568359 0.06884766 0.06152344 0.05322266 0.04785156 0.04882812
  0.046875   0.06738281 0.07226562 0.10009766 0.11328125 0.12548828
  0.13037109 0.13769531 0.13574219 0.1171875  0.11230469 0.09082031
  0.08984375 0.1015625  0.14453125 0.17675781 0.19970703 0.21777344
  0.25048828 0.26464844 0.27490234 0.28076172 0.22509766 0.21728516
  0.18505859 0.18457031 0.20361328 0.21289062 0.24267578 0.25634766
  0.26611328 0.27734375 0.29931641 0.31103516 0.3203125  0.31054688
  0.31738281 0.28808594 0.29101562 0.29003906 0.2734375  0.29931641
  0.29589844 0.24023438 0.16748047]],0,[[0.05371094 0.09667969 0.13476562 0.17773438 0.18945312 0.18066406
  0.16064453 0.11083984 0.07177734 0.04443359 0.03417969 0.02880859
  0.02929688 0.02734375 0.02880859 0.02832031 0.03466797 0.03710938
  0.03710938 0.0390625  0.03320312 0.03271484 0.02880859 0.02685547
  0.02441406 0.02441406 0.02490234 0.02539062 0.02539062 0.03076172
  0.03222656 0.03466797 0.04101562 0.03662109 0.03955078 0.03662109
  0.03857422 0.03564453 0.03710938 0.03955078 0.03955078 0.046875
  0.04882812 0.05664062 0.05224609 0.07568359 0.08203125 0.09228516
  0.09521484 0.08496094 0.08349609 0.06933594 0.07324219 0.06835938
  0.07128906 0.06738281 0.09765625 0.09277344 0.12988281 0.17431641
  0.20068359 0.21728516 0.20751953 0.17773438 0.13916016 0.13964844
  0.11328125 0.15039062 0.16259766 0.18652344 0.20410156 0.19189453
  0.20263672 0.21435547 0.25732422 0.28515625 0.29150391 0.2890625
  0.2421875  0.21289062 0.19921875 0.171875   0.19433594 0.20166016
  0.24316406 0.21972656 0.16113281]],0,[[0.03417969 0.05566406 0.08740234 0.12060547 0.15380859 0.1640625
  0.16748047 0.15820312 0.10888672 0.08886719 0.06445312 0.03759766
  0.03613281 0.02978516 0.02734375 0.02636719 0.02783203 0.03125
  0.03222656 0.03369141 0.03222656 0.03125    0.02783203 0.02587891
  0.02294922 0.02197266 0.02099609 0.02734375 0.03076172 0.02880859
  0.0390625  0.03466797 0.03515625 0.03759766 0.02978516 0.02832031
  0.03466797 0.03320312 0.03417969 0.03466797 0.02490234 0.02978516
  0.02685547 0.03027344 0.03369141 0.03662109 0.03955078 0.04443359
  0.04882812 0.05761719 0.06884766 0.0625     0.06298828 0.046875
  0.04101562 0.04003906 0.05371094 0.06054688 0.05615234 0.07421875
  0.07519531 0.10595703 0.11083984 0.13037109 0.11328125 0.10205078
  0.10009766 0.09130859 0.09814453 0.07861328 0.11523438 0.09863281
  0.12109375 0.17041016 0.19189453 0.22119141 0.23242188 0.21630859
  0.20898438 0.20068359 0.19433594 0.18652344 0.15869141 0.16894531
  0.16796875 0.13818359 0.10302734]],0,[[0.03417969 0.05664062 0.09228516 0.12695312 0.14746094 0.171875
  0.17041016 0.14794922 0.11474609 0.08642578 0.0625     0.04785156
  0.04785156 0.03417969 0.03271484 0.03564453 0.03759766 0.04003906
  0.04345703 0.03857422 0.03808594 0.03759766 0.03125    0.03076172
  0.02587891 0.02539062 0.02392578 0.02246094 0.02197266 0.02050781
  0.02441406 0.02441406 0.02587891 0.02832031 0.03173828 0.03027344
  0.03710938 0.03466797 0.03222656 0.03564453 0.02929688 0.03125
  0.02832031 0.03417969 0.03369141 0.04052734 0.04199219 0.05517578
  0.06103516 0.06152344 0.06689453 0.04589844 0.04101562 0.03417969
  0.03125    0.03027344 0.03417969 0.04882812 0.04980469 0.07226562
  0.08251953 0.11474609 0.12451172 0.12255859 0.11621094 0.08203125
  0.0703125  0.0625     0.05859375 0.05273438 0.07617188 0.07714844
  0.09619141 0.1015625  0.13232422 0.16455078 0.19628906 0.22509766
  0.20800781 0.20800781 0.17382812 0.16601562 0.14306641 0.13574219
  0.14550781 0.11767578 0.09326172]],0,[[0.0390625  0.07421875 0.11083984 0.13867188 0.16015625 0.16796875
  0.16113281 0.14892578 0.11474609 0.08935547 0.07128906 0.04882812
  0.04492188 0.03222656 0.02880859 0.03662109 0.04443359 0.05175781
  0.05371094 0.05175781 0.04882812 0.04541016 0.04541016 0.04003906
  0.03320312 0.03320312 0.02978516 0.03027344 0.03027344 0.02832031
  0.02929688 0.03222656 0.03173828 0.02929688 0.02783203 0.02050781
  0.02148438 0.02197266 0.02441406 0.02490234 0.0234375  0.0234375
  0.02246094 0.02832031 0.02929688 0.03369141 0.03125    0.03759766
  0.03759766 0.04296875 0.04443359 0.03515625 0.03613281 0.02734375
  0.03222656 0.02929688 0.03613281 0.03710938 0.04394531 0.06591797
  0.07861328 0.09423828 0.10302734 0.09570312 0.07861328 0.07324219
  0.05175781 0.05664062 0.06152344 0.06054688 0.0703125  0.05761719
  0.09326172 0.10449219 0.13037109 0.17041016 0.1640625  0.16455078
  0.14648438 0.11914062 0.10546875 0.09375    0.09863281 0.10644531
  0.09912109 0.10351562 0.07519531]],0,[[0.04736328 0.08398438 0.12109375 0.14453125 0.15966797 0.16455078
  0.15771484 0.14160156 0.12158203 0.09716797 0.08251953 0.0625
  0.0546875  0.04443359 0.03613281 0.03710938 0.03271484 0.03515625
  0.03515625 0.03662109 0.04003906 0.03955078 0.04101562 0.04101562
  0.03710938 0.03808594 0.03857422 0.03369141 0.04199219 0.04296875
  0.05371094 0.05957031 0.06542969 0.06738281 0.07373047 0.08154297
  0.07861328 0.07666016 0.06445312 0.06738281 0.05566406 0.05664062
  0.05566406 0.05566406 0.07226562 0.09326172 0.11132812 0.13232422
  0.14599609 0.14160156 0.14599609 0.125      0.11230469 0.11816406
  0.1171875  0.11621094 0.13183594 0.16113281 0.16455078 0.1875
  0.21435547 0.20849609 0.23779297 0.24414062 0.22949219 0.21679688
  0.19921875 0.20703125 0.19775391 0.22265625 0.25048828 0.25537109
  0.29345703 0.29052734 0.28710938 0.30029297 0.31933594 0.35400391
  0.36474609 0.37792969 0.35058594 0.32666016 0.29589844 0.28662109
  0.28808594 0.22851562 0.17480469]],0,[[0.04980469 0.08544922 0.12744141 0.14892578 0.16503906 0.16210938
  0.15039062 0.14306641 0.11914062 0.10107422 0.08837891 0.0625
  0.05664062 0.04882812 0.04199219 0.04052734 0.03564453 0.03808594
  0.03515625 0.03222656 0.03125    0.02783203 0.02832031 0.02587891
  0.02636719 0.02929688 0.02783203 0.02929688 0.02929688 0.02539062
  0.02929688 0.02832031 0.03271484 0.03320312 0.03076172 0.03369141
  0.03662109 0.04052734 0.04394531 0.04199219 0.04003906 0.04492188
  0.04199219 0.06933594 0.06933594 0.08544922 0.09423828 0.09423828
  0.09716797 0.08984375 0.10058594 0.08007812 0.09082031 0.07519531
  0.07617188 0.07421875 0.07617188 0.09179688 0.09375    0.13818359
  0.14941406 0.18212891 0.18603516 0.19775391 0.19970703 0.18017578
  0.171875   0.13085938 0.12109375 0.12451172 0.14013672 0.15283203
  0.20214844 0.20996094 0.2421875  0.29248047 0.27392578 0.28710938
  0.29052734 0.24023438 0.20703125 0.19628906 0.16748047 0.21337891
  0.24414062 0.20410156 0.15576172]],0